torch.Size([3, 224, 224])
tensor(-1.3610)
















































0.006 0.040 0.108 0.160 0.194 0.194 0.194 0.211 0.228 0.228 0.228 0.245 0.245 0.228 0.228 0.194 0.177 0.160 0.160 0.143 0.057 
0.006 0.125 0.228 0.280 0.348 0.399 0.468 0.519 0.588 0.656 0.691 0.708 0.708 0.725 0.742 0.742 0.759 0.759 0.759 0.742 0.742 0.708 0.691 0.673 0.656 0.639 0.536 0.348 0.160 
0.091 0.245 0.382 0.536 0.656 0.725 0.793 0.862 0.930 0.999 1.067 1.153 1.204 1.221 1.221 1.239 1.256 1.273 1.273 1.290 1.290 1.256 1.256 1.221 1.204 1.170 1.153 1.136 0.999 0.793 0.571 0.348 0.143 
0.091 0.280 0.434 0.605 0.776 0.947 1.084 1.153 1.239 1.324 1.393 1.478 1.564 1.650 1.701 1.718 1.735 1.752 1.769 1.787 1.804 1.821 1.821 1.787 1.769 1.735 1.701 1.667 1.650 1.632 1.478 1.239 0.982 0.725 0.485 0.228 
0.040 0.211 0.365 0.554 0.708 0.879 1.050 1.221 1.341 1.427 1.513 1.581 1.667 1.752 1.838 1.906 1.975 1.992 2.009 2.026 2.043 2.061 2.061 2.078 2.078 2.061 2.043 2.009 1.975 1.941 1.924 1.889 1.752 1.513 1.256 0.999 0.759 0.502 0.245 0.006 
0.057 0.108 0.160 0.194 0.211 0.211 0.211 0.228 0.228 0.245 0.262 0.331 0.485 0.622 0.776 0.913 1.067 1.204 1.341 1.461 1.530 1.598 1.667 1.752 1.821 1.889 1.958 2.009 2.026 2.026 2.043 2.061 2.078 2.078 2.095 2.095 2.078 2.061 2.026 2.009 1.975 1.975 1.941 1.821 1.615 1.393 1.170 0.947 0.725 0.502 0.297 0.091 
0.040 0.091 0.160 0.228 0.280 0.348 0.417 0.485 0.502 0.519 0.536 0.536 0.536 0.536 0.554 0.554 0.622 0.742 0.862 0.999 1.102 1.239 1.358 1.478 1.581 1.632 1.701 1.752 1.821 1.872 1.941 2.009 2.043 2.061 2.061 2.078 2.078 2.095 2.095 2.112 2.112 2.095 2.078 2.061 2.043 2.009 2.009 1.992 1.889 1.701 1.513 1.324 1.153 0.965 0.776 0.588 0.399 0.194 
0.143 0.314 0.382 0.451 0.519 0.588 0.656 0.725 0.793 0.828 0.828 0.845 0.845 0.845 0.845 0.862 0.862 0.913 1.016 1.102 1.221 1.307 1.410 1.513 1.615 1.684 1.735 1.787 1.838 1.889 1.941 1.992 2.043 2.078 2.095 2.095 2.095 2.095 2.112 2.112 2.112 2.112 2.112 2.095 2.078 2.078 2.043 2.043 2.043 1.958 1.804 1.650 1.495 1.341 1.187 1.033 0.896 0.725 0.519 0.314 0.091 
0.108 0.399 0.588 0.656 0.725 0.810 0.879 0.965 1.033 1.102 1.136 1.153 1.153 1.153 1.153 1.153 1.153 1.170 1.204 1.290 1.358 1.444 1.513 1.598 1.667 1.735 1.804 1.855 1.889 1.924 1.975 2.009 2.043 2.095 2.129 2.112 2.112 2.129 2.129 2.129 2.129 2.129 2.129 2.129 2.129 2.112 2.095 2.095 2.095 2.078 2.009 1.906 1.787 1.667 1.547 1.427 1.307 1.187 1.033 0.828 0.639 0.434 0.228 0.023 
0.006 0.331 0.656 0.862 0.947 1.016 1.102 1.187 1.273 1.341 1.410 1.461 1.461 1.461 1.461 1.461 1.461 1.461 1.478 1.495 1.564 1.598 1.667 1.718 1.769 1.821 1.872 1.906 1.958 1.975 2.009 2.043 2.078 2.095 2.129 2.163 2.146 2.146 2.146 2.146 2.146 2.146 2.129 2.129 2.146 2.146 2.129 2.129 2.129 2.129 2.129 2.078 2.009 1.924 1.838 1.735 1.650 1.564 1.495 1.358 1.153 0.965 0.759 0.554 0.365 0.160 
0.194 0.571 0.913 1.153 1.221 1.307 1.393 1.478 1.564 1.650 1.735 1.769 1.769 1.787 1.787 1.769 1.769 1.769 1.769 1.787 1.821 1.838 1.889 1.906 1.941 1.975 2.009 2.026 2.061 2.078 2.095 2.112 2.129 2.146 2.180 2.198 2.180 2.180 2.180 2.163 2.163 2.163 2.146 2.146 2.163 2.163 2.163 2.163 2.163 2.163 2.180 2.146 2.095 2.043 1.992 1.941 1.889 1.838 1.787 1.667 1.478 1.290 1.084 0.896 0.691 0.502 0.314 0.074 
0.006 0.399 0.793 1.170 1.427 1.513 1.598 1.684 1.769 1.872 1.958 2.043 2.095 2.095 2.095 2.095 2.078 2.078 2.078 2.078 2.078 2.095 2.095 2.112 2.112 2.129 2.129 2.129 2.146 2.163 2.163 2.180 2.198 2.198 2.198 2.232 2.232 2.215 2.198 2.198 2.180 2.180 2.180 2.163 2.163 2.180 2.180 2.180 2.198 2.198 2.215 2.232 2.215 2.198 2.180 2.163 2.129 2.112 2.095 2.078 1.992 1.804 1.615 1.410 1.221 1.033 0.845 0.656 0.399 0.074 
0.160 0.571 0.965 1.358 1.598 1.684 1.769 1.855 1.941 2.043 2.112 2.198 2.249 2.232 2.232 2.215 2.198 2.180 2.180 2.163 2.163 2.146 2.129 2.129 2.112 2.112 2.078 2.078 2.078 2.078 2.078 2.078 2.078 2.078 2.061 2.078 2.078 2.043 2.026 2.026 1.992 1.992 1.975 1.941 1.958 2.009 2.043 2.078 2.112 2.146 2.180 2.232 2.249 2.249 2.249 2.249 2.232 2.232 2.232 2.232 2.146 1.975 1.804 1.615 1.444 1.273 1.084 0.913 0.656 0.280 
0.314 0.708 1.084 1.461 1.684 1.752 1.821 1.906 1.975 2.061 2.129 2.198 2.232 2.198 2.180 2.146 2.112 2.078 2.061 2.026 2.009 1.992 1.958 1.941 1.924 1.889 1.855 1.838 1.821 1.821 1.804 1.787 1.787 1.752 1.735 1.735 1.718 1.684 1.650 1.632 1.598 1.581 1.547 1.513 1.547 1.650 1.735 1.821 1.924 2.009 2.095 2.198 2.232 2.232 2.232 2.232 2.215 2.215 2.215 2.215 2.146 2.009 1.855 1.701 1.547 1.393 1.239 1.102 0.828 0.434 0.040 
0.108 0.468 0.828 1.204 1.547 1.769 1.838 1.889 1.958 2.009 2.078 2.146 2.198 2.215 2.163 2.129 2.078 2.026 1.992 1.941 1.906 1.855 1.838 1.787 1.752 1.718 1.684 1.632 1.598 1.564 1.564 1.530 1.495 1.478 1.444 1.410 1.393 1.358 1.324 1.273 1.239 1.204 1.170 1.119 1.084 1.136 1.290 1.427 1.564 1.718 1.855 2.009 2.163 2.232 2.232 2.232 2.232 2.215 2.215 2.215 2.215 2.163 2.026 1.906 1.787 1.650 1.530 1.393 1.273 1.016 0.588 0.177 
0.280 0.622 0.965 1.324 1.650 1.855 1.906 1.941 2.009 2.043 2.112 2.146 2.198 2.198 2.129 2.078 2.009 1.941 1.889 1.821 1.769 1.718 1.667 1.615 1.564 1.513 1.478 1.410 1.358 1.324 1.290 1.256 1.204 1.170 1.136 1.084 1.050 1.016 0.965 0.896 0.862 0.810 0.759 0.708 0.656 0.725 0.930 1.119 1.324 1.530 1.718 1.924 2.129 2.215 2.215 2.215 2.215 2.215 2.215 2.215 2.215 2.163 2.061 1.958 1.855 1.752 1.650 1.547 1.444 1.187 0.742 0.297 
0.108 0.451 0.759 1.102 1.427 1.752 1.941 1.975 2.009 2.043 2.095 2.129 2.163 2.198 2.180 2.112 2.026 1.958 1.872 1.787 1.718 1.632 1.564 1.513 1.427 1.376 1.324 1.256 1.187 1.136 1.067 1.033 0.965 0.913 0.879 0.810 0.759 0.725 0.656 0.588 0.536 0.468 0.399 0.348 0.280 0.211 0.314 0.571 0.828 1.067 1.324 1.581 1.821 2.078 2.215 2.215 2.215 2.215 2.198 2.198 2.198 2.198 2.163 2.095 2.009 1.941 1.855 1.787 1.701 1.632 1.358 0.896 0.434 
0.297 0.622 0.913 1.239 1.547 1.855 2.026 2.043 2.061 2.095 2.129 2.163 2.163 2.198 2.163 2.078 1.975 1.889 1.787 1.684 1.598 1.495 1.427 1.341 1.256 1.187 1.119 1.050 0.965 0.896 0.828 0.759 0.691 0.622 0.571 0.502 0.434 0.382 0.314 0.228 0.160 0.091 0.006 0.211 0.519 0.828 1.136 1.444 1.735 2.043 2.198 2.198 2.198 2.198 2.198 2.198 2.198 2.198 2.163 2.129 2.061 2.009 1.958 1.906 1.855 1.804 1.530 1.050 0.554 0.074 
0.177 0.485 0.776 1.067 1.358 1.667 1.941 2.112 2.129 2.129 2.146 2.163 2.180 2.180 2.198 2.146 2.043 1.924 1.821 1.701 1.598 1.478 1.376 1.273 1.187 1.084 0.999 0.913 0.845 0.742 0.656 0.571 0.502 0.417 0.331 0.262 0.194 0.108 0.040 0.211 0.571 0.930 1.290 1.650 2.009 2.198 2.198 2.198 2.198 2.198 2.198 2.198 2.198 2.180 2.146 2.112 2.095 2.061 2.043 2.009 1.975 1.718 1.204 0.691 0.177 
0.125 0.382 0.673 0.947 1.221 1.495 1.787 2.043 2.198 2.198 2.180 2.198 2.198 2.198 2.198 2.198 2.129 2.009 1.872 1.752 1.615 1.495 1.358 1.239 1.119 1.033 0.913 0.810 0.725 0.622 0.519 0.417 0.314 0.245 0.143 0.040 0.314 0.742 1.153 1.564 1.975 2.180 2.180 2.180 2.180 2.180 2.180 2.180 2.180 2.180 2.180 2.163 2.180 2.163 2.163 2.163 2.163 1.889 1.358 0.810 0.280 
0.091 0.331 0.605 0.862 1.119 1.376 1.632 1.889 2.026 2.026 2.009 2.009 2.009 2.009 2.009 2.009 1.941 1.804 1.667 1.530 1.393 1.256 1.119 0.982 0.862 0.759 0.656 0.554 0.451 0.365 0.245 0.143 0.057 0.177 0.622 1.084 1.513 1.958 2.180 2.180 2.180 2.180 2.180 2.180 2.180 2.180 2.180 2.198 2.198 2.215 2.215 2.232 2.232 2.249 1.975 1.427 0.879 0.331 
0.040 0.280 0.536 0.759 0.999 1.239 1.478 1.598 1.598 1.598 1.615 1.615 1.615 1.615 1.615 1.564 1.427 1.290 1.153 0.999 0.862 0.725 0.588 0.485 0.399 0.297 0.211 0.125 0.040 0.160 0.605 1.067 1.495 1.958 2.180 2.180 2.180 2.180 2.180 2.180 2.180 2.180 2.180 2.198 2.198 2.215 2.215 2.232 2.232 2.249 1.975 1.427 0.879 0.331 
0.194 0.399 0.622 0.845 1.067 1.170 1.187 1.187 1.204 1.221 1.221 1.221 1.239 1.170 1.033 0.896 0.759 0.622 0.485 0.348 0.211 0.108 0.040 0.125 0.588 1.050 1.495 1.958 2.180 2.180 2.180 2.180 2.198 2.198 2.198 2.198 2.198 2.198 2.215 2.215 2.215 2.232 2.232 2.249 1.975 1.427 0.879 0.331 
0.057 0.245 0.451 0.656 0.759 0.776 0.776 0.793 0.810 0.828 0.845 0.862 0.793 0.656 0.519 0.382 0.245 0.108 0.091 0.571 1.033 1.495 1.958 2.180 2.180 2.180 2.180 2.198 2.198 2.198 2.198 2.198 2.198 2.215 2.215 2.215 2.232 2.232 2.249 1.975 1.427 0.879 0.331 
0.057 0.228 0.331 0.348 0.382 0.399 0.417 0.434 0.451 0.468 0.417 0.280 0.143 0.006 0.074 0.536 1.016 1.478 1.958 2.198 2.198 2.198 2.198 2.198 2.198 2.198 2.198 2.198 2.215 2.215 2.232 2.232 2.232 2.249 2.249 1.975 1.427 0.879 0.331 
0.006 0.040 0.074 0.091 0.040 0.040 0.519 0.999 1.478 1.958 2.198 2.198 2.198 2.198 2.198 2.198 2.198 2.198 2.198 2.215 2.215 2.232 2.232 2.232 2.249 2.249 1.975 1.427 0.879 0.331 
0.006 0.502 0.982 1.478 1.958 2.198 2.198 2.198 2.198 2.215 2.215 2.215 2.215 2.215 2.215 2.232 2.232 2.232 2.232 2.249 2.249 1.975 1.427 0.879 0.331 
0.485 0.965 1.461 1.958 2.198 2.198 2.198 2.198 2.215 2.215 2.215 2.215 2.215 2.215 2.232 2.232 2.232 2.232 2.249 2.249 1.975 1.427 0.879 0.331 
0.040 0.519 0.999 1.478 1.958 2.198 2.198 2.198 2.198 2.215 2.215 2.215 2.215 2.215 2.215 2.232 2.232 2.232 2.232 2.249 2.249 1.975 1.427 0.879 0.331 
0.177 0.622 1.084 1.530 1.975 2.198 2.198 2.198 2.198 2.215 2.215 2.215 2.215 2.215 2.215 2.232 2.232 2.232 2.232 2.249 2.249 1.975 1.427 0.879 0.331 
0.297 0.725 1.153 1.581 1.992 2.198 2.198 2.198 2.198 2.215 2.215 2.215 2.215 2.215 2.215 2.215 2.215 2.232 2.232 2.232 2.232 1.958 1.427 0.879 0.331 
0.040 0.434 0.828 1.221 1.615 2.009 2.198 2.198 2.198 2.198 2.215 2.215 2.215 2.215 2.215 2.215 2.215 2.215 2.232 2.232 2.232 2.232 1.958 1.427 0.879 0.331 
0.211 0.571 0.947 1.307 1.667 2.026 2.215 2.215 2.215 2.215 2.198 2.198 2.198 2.198 2.198 2.198 2.215 2.215 2.215 2.215 2.232 2.232 1.958 1.410 0.862 0.331 
0.040 0.365 0.708 1.050 1.376 1.701 2.043 2.215 2.215 2.215 2.215 2.198 2.198 2.198 2.198 2.198 2.198 2.215 2.215 2.215 2.215 2.232 2.232 1.958 1.410 0.862 0.331 
0.228 0.536 0.828 1.153 1.444 1.752 2.061 2.215 2.215 2.215 2.215 2.198 2.198 2.198 2.198 2.198 2.198 2.198 2.198 2.215 2.215 2.215 2.215 1.941 1.410 0.862 0.331 
0.160 0.417 0.691 0.965 1.256 1.530 1.804 2.078 2.215 2.215 2.215 2.215 2.198 2.198 2.198 2.198 2.198 2.198 2.198 2.198 2.215 2.215 2.215 2.215 1.941 1.410 0.862 0.331 
0.091 0.365 0.605 0.862 1.102 1.358 1.598 1.838 2.078 2.215 2.215 2.215 2.215 2.198 2.198 2.198 2.198 2.198 2.198 2.180 2.180 2.198 2.180 2.180 2.180 1.906 1.376 0.828 0.314 
0.006 0.314 0.588 0.793 1.016 1.221 1.461 1.667 1.889 2.095 2.215 2.215 2.215 2.215 2.198 2.198 2.215 2.215 2.198 2.180 2.163 2.146 2.146 2.129 2.112 2.095 1.821 1.290 0.776 0.262 
0.194 0.536 0.793 0.982 1.170 1.358 1.547 1.735 1.924 2.112 2.215 2.215 2.215 2.215 2.215 2.215 2.215 2.215 2.198 2.163 2.146 2.112 2.095 2.061 2.026 2.009 1.735 1.221 0.708 0.211 
0.023 0.382 0.742 1.016 1.170 1.324 1.495 1.650 1.804 1.975 2.129 2.215 2.215 2.215 2.215 2.215 2.215 2.215 2.215 2.198 2.163 2.112 2.078 2.043 2.009 1.958 1.924 1.650 1.153 0.639 0.160 
0.194 0.588 0.965 1.221 1.358 1.495 1.615 1.752 1.889 2.009 2.146 2.215 2.215 2.232 2.232 2.215 2.215 2.232 2.232 2.198 2.146 2.095 2.043 1.992 1.941 1.889 1.838 1.564 1.067 0.588 0.108 
0.365 0.776 1.170 1.444 1.547 1.650 1.752 1.855 1.958 2.061 2.163 2.215 2.215 2.232 2.232 2.215 2.215 2.232 2.232 2.198 2.146 2.061 2.009 1.941 1.889 1.821 1.752 1.478 0.999 0.519 0.057 
0.091 0.519 0.965 1.393 1.650 1.735 1.804 1.889 1.941 2.026 2.095 2.180 2.215 2.215 2.232 2.232 2.232 2.232 2.232 2.232 2.198 2.129 2.043 1.975 1.889 1.821 1.735 1.667 1.393 0.930 0.451 0.006 
0.228 0.691 1.153 1.615 1.872 1.924 1.958 2.009 2.043 2.095 2.146 2.198 2.215 2.215 2.232 2.232 2.232 2.232 2.249 2.249 2.198 2.112 2.026 1.941 1.838 1.769 1.667 1.581 1.307 0.845 0.399 
0.399 0.845 1.307 1.735 1.992 2.026 2.043 2.078 2.095 2.129 2.163 2.198 2.198 2.180 2.180 2.163 2.146 2.129 2.129 2.112 2.043 1.941 1.838 1.752 1.650 1.547 1.444 1.341 1.084 0.656 0.228 
0.194 0.588 0.999 1.393 1.787 2.009 2.043 2.061 2.095 2.095 2.129 2.163 2.180 2.163 2.112 2.078 2.026 1.958 1.906 1.872 1.821 1.718 1.615 1.495 1.393 1.290 1.170 1.050 0.947 0.708 0.331 
0.091 0.451 0.793 1.136 1.495 1.838 2.026 2.061 2.078 2.095 2.112 2.129 2.146 2.180 2.146 2.043 1.975 1.872 1.787 1.684 1.615 1.530 1.410 1.290 1.170 1.050 0.930 0.810 0.673 0.554 0.331 0.006 
0.074 0.382 0.691 0.982 1.290 1.598 1.889 2.043 2.078 2.095 2.112 2.112 2.129 2.146 2.163 2.112 1.975 1.872 1.735 1.598 1.478 1.358 1.239 1.102 0.965 0.828 0.691 0.571 0.434 0.297 0.160 
0.177 0.434 0.691 0.930 1.187 1.427 1.684 1.941 2.078 2.095 2.095 2.112 2.112 2.129 2.146 2.163 2.078 1.924 1.752 1.598 1.427 1.256 1.102 0.947 0.776 0.639 0.485 0.348 0.211 0.057 
0.177 0.365 0.571 0.776 0.982 1.170 1.376 1.581 1.787 1.992 2.095 2.112 2.112 2.129 2.112 2.129 2.146 2.146 2.043 1.855 1.650 1.461 1.239 1.050 0.845 0.656 0.468 0.314 0.143 
0.125 0.348 0.554 0.776 0.965 1.119 1.273 1.427 1.581 1.718 1.889 2.043 2.112 2.129 2.129 2.129 2.129 2.129 2.129 2.146 2.026 1.787 1.547 1.307 1.067 0.828 0.588 0.365 0.160 
0.194 0.451 0.691 0.930 1.170 1.358 1.461 1.564 1.667 1.769 1.872 1.975 2.095 2.129 2.146 2.146 2.146 2.129 2.129 2.129 2.129 1.992 1.718 1.444 1.170 0.879 0.605 0.331 0.074 
0.211 0.451 0.708 0.947 1.187 1.427 1.581 1.667 1.752 1.804 1.889 1.941 2.026 2.112 2.129 2.095 2.078 2.061 2.009 1.992 1.958 1.941 1.769 1.495 1.221 0.930 0.639 0.365 0.074 
0.040 0.262 0.468 0.673 0.896 1.102 1.324 1.530 1.667 1.735 1.804 1.855 1.906 1.958 2.026 2.095 2.078 2.009 1.941 1.872 1.769 1.701 1.632 1.547 1.376 1.119 0.862 0.605 0.331 0.074 
0.023 0.177 0.365 0.554 0.725 0.896 1.084 1.273 1.444 1.632 1.752 1.804 1.855 1.889 1.941 1.975 2.026 2.078 2.043 1.924 1.804 1.684 1.547 1.410 1.290 1.170 0.982 0.742 0.502 0.280 0.023 
0.006 0.177 0.348 0.519 0.691 0.845 0.982 1.136 1.290 1.444 1.581 1.735 1.821 1.872 1.906 1.924 1.975 1.992 2.026 2.078 2.009 1.838 1.667 1.495 1.307 1.136 0.965 0.793 0.588 0.365 0.160 
0.160 0.331 0.502 0.691 0.862 0.999 1.136 1.239 1.358 1.478 1.598 1.718 1.838 1.906 1.924 1.958 1.975 1.992 2.009 2.043 2.061 1.958 1.735 1.513 1.307 1.067 0.845 0.622 0.399 0.194 0.006 
0.108 0.297 0.485 0.656 0.845 1.016 1.204 1.324 1.427 1.495 1.598 1.684 1.769 1.855 1.941 1.975 1.992 2.009 2.009 2.026 2.026 2.043 2.061 1.924 1.650 1.376 1.119 0.828 0.571 0.297 0.023 
0.074 0.245 0.434 0.622 0.810 0.982 1.170 1.358 1.530 1.650 1.718 1.752 1.821 1.872 1.941 1.975 2.043 2.061 2.061 2.061 2.043 2.061 2.043 2.043 2.043 1.889 1.564 1.239 0.930 0.605 0.280 
0.125 0.365 0.571 0.759 0.947 1.136 1.307 1.495 1.684 1.872 1.975 2.009 2.009 2.043 2.061 2.095 2.112 2.146 2.146 2.129 2.112 2.095 2.078 2.061 2.043 2.026 1.838 1.478 1.102 0.742 0.365 
0.160 0.382 0.622 0.810 0.999 1.170 1.341 1.530 1.701 1.872 2.061 2.129 2.146 2.146 2.163 2.163 2.180 2.180 2.198 2.180 2.146 2.112 2.061 2.026 1.992 1.958 1.924 1.718 1.324 0.930 0.554 0.160 
0.006 0.211 0.417 0.622 0.828 0.999 1.153 1.307 1.461 1.615 1.769 1.924 2.078 2.146 2.163 2.163 2.180 2.180 2.180 2.180 2.198 2.163 2.095 2.043 1.958 1.906 1.838 1.769 1.701 1.495 1.119 0.742 0.365 
0.143 0.314 0.502 0.673 0.862 1.050 1.187 1.324 1.461 1.581 1.718 1.838 1.975 2.112 2.163 2.180 2.180 2.180 2.180 2.180 2.180 2.198 2.146 2.043 1.958 1.872 1.769 1.684 1.581 1.495 1.273 0.913 0.554 0.194 
0.160 0.314 0.485 0.622 0.793 0.930 1.102 1.256 1.376 1.478 1.598 1.701 1.804 1.906 2.026 2.129 2.180 2.180 2.180 2.180 2.180 2.180 2.180 2.198 2.129 2.009 1.889 1.769 1.650 1.530 1.410 1.290 1.050 0.708 0.365 0.006 
0.125 0.365 0.554 0.691 0.810 0.947 1.067 1.204 1.324 1.461 1.564 1.650 1.735 1.821 1.906 1.992 2.078 2.163 2.198 2.198 2.198 2.198 2.198 2.198 2.198 2.180 2.112 1.958 1.821 1.667 1.513 1.376 1.221 1.067 0.845 0.502 0.160 
0.211 0.485 0.759 0.947 1.050 1.153 1.256 1.358 1.461 1.564 1.667 1.752 1.804 1.872 1.941 1.992 2.061 2.129 2.180 2.215 2.198 2.198 2.198 2.198 2.198 2.198 2.180 2.095 1.924 1.752 1.564 1.393 1.221 1.050 0.862 0.622 0.297 
0.228 0.536 0.845 1.153 1.341 1.410 1.495 1.564 1.650 1.718 1.804 1.889 1.941 1.975 2.026 2.061 2.095 2.129 2.180 2.215 2.232 2.215 2.215 2.198 2.198 2.198 2.198 2.180 2.078 1.872 1.667 1.478 1.256 1.067 0.862 0.656 0.399 0.091 
0.177 0.519 0.862 1.204 1.547 1.735 1.769 1.838 1.889 1.941 1.975 2.043 2.095 2.129 2.129 2.163 2.180 2.180 2.198 2.232 2.232 2.249 2.232 2.232 2.215 2.215 2.198 2.198 2.180 2.061 1.821 1.598 1.376 1.136 0.913 0.673 0.434 0.177 
0.091 0.417 0.759 1.084 1.427 1.769 1.941 1.975 2.026 2.061 2.095 2.112 2.163 2.198 2.215 2.215 2.232 2.232 2.232 2.232 2.249 2.249 2.249 2.232 2.232 2.215 2.215 2.198 2.198 2.180 2.061 1.821 1.598 1.358 1.119 0.879 0.656 0.399 0.160 
0.040 0.348 0.639 0.930 1.221 1.530 1.821 1.975 2.009 2.043 2.078 2.112 2.129 2.180 2.198 2.215 2.215 2.232 2.232 2.232 2.232 2.232 2.232 2.232 2.232 2.232 2.215 2.215 2.198 2.198 2.198 2.078 1.855 1.650 1.427 1.204 0.999 0.776 0.554 0.314 0.040 
0.074 0.331 0.605 0.845 1.102 1.358 1.615 1.889 2.026 2.043 2.078 2.095 2.129 2.146 2.180 2.215 2.215 2.215 2.232 2.232 2.215 2.215 2.232 2.232 2.232 2.215 2.215 2.215 2.215 2.198 2.198 2.198 2.095 1.889 1.701 1.513 1.290 1.102 0.913 0.708 0.485 0.211 
0.108 0.228 0.399 0.622 0.845 1.067 1.273 1.495 1.718 1.941 2.061 2.078 2.112 2.129 2.146 2.163 2.198 2.215 2.215 2.215 2.232 2.232 2.215 2.215 2.232 2.215 2.215 2.215 2.215 2.215 2.215 2.198 2.198 2.198 2.112 1.924 1.752 1.581 1.393 1.221 1.033 0.862 0.639 0.382 0.125 
0.074 0.211 0.331 0.451 0.588 0.725 0.913 1.102 1.273 1.461 1.632 1.821 2.009 2.095 2.112 2.129 2.146 2.163 2.180 2.198 2.215 2.232 2.215 2.215 2.215 2.215 2.215 2.215 2.215 2.215 2.215 2.215 2.198 2.215 2.215 2.215 2.215 2.129 1.975 1.804 1.650 1.478 1.324 1.170 0.999 0.810 0.554 0.297 0.057 
0.040 0.023 0.040 0.040 0.040 0.023 0.040 0.040 0.040 0.040 0.040 0.040 0.023 0.023 0.023 0.023 0.023 0.023 0.023 0.023 0.040 0.040 0.040 0.040 0.040 0.040 0.040 0.040 0.057 0.057 0.057 0.057 0.057 0.057 0.057 0.057 0.057 0.057 0.057 0.057 0.057 0.057 0.040 0.040 0.040 0.040 0.023 0.023 0.091 0.211 0.331 0.451 0.571 0.691 0.810 0.930 1.050 1.204 1.341 1.495 1.632 1.769 1.924 2.061 2.129 2.146 2.163 2.180 2.180 2.198 2.215 2.215 2.232 2.215 2.215 2.215 2.215 2.215 2.215 2.198 2.198 2.215 2.215 2.198 2.215 2.215 2.215 2.215 2.146 2.009 1.855 1.718 1.581 1.444 1.290 1.153 0.965 0.725 0.485 0.245 0.006 
0.108 0.228 0.365 0.417 0.417 0.417 0.417 0.417 0.417 0.434 0.434 0.434 0.434 0.434 0.434 0.417 0.417 0.417 0.417 0.417 0.417 0.417 0.417 0.434 0.434 0.434 0.434 0.434 0.434 0.434 0.434 0.451 0.451 0.451 0.451 0.451 0.451 0.451 0.451 0.451 0.451 0.451 0.451 0.451 0.451 0.434 0.434 0.434 0.434 0.417 0.417 0.468 0.588 0.708 0.828 0.930 1.050 1.170 1.273 1.376 1.495 1.598 1.701 1.804 1.906 2.009 2.129 2.180 2.180 2.198 2.198 2.198 2.215 2.215 2.232 2.232 2.215 2.215 2.215 2.198 2.198 2.215 2.198 2.198 2.198 2.198 2.198 2.215 2.215 2.215 2.215 2.163 2.043 1.906 1.804 1.667 1.547 1.427 1.307 1.136 0.896 0.656 0.434 0.211 
0.006 0.143 0.297 0.434 0.588 0.725 0.793 0.793 0.810 0.810 0.810 0.810 0.828 0.828 0.828 0.828 0.828 0.828 0.810 0.810 0.810 0.810 0.810 0.810 0.810 0.810 0.828 0.828 0.828 0.828 0.828 0.828 0.828 0.828 0.845 0.845 0.845 0.845 0.845 0.845 0.845 0.845 0.845 0.845 0.845 0.845 0.845 0.845 0.828 0.828 0.828 0.828 0.810 0.810 0.862 0.965 1.084 1.187 1.290 1.410 1.530 1.632 1.701 1.787 1.855 1.924 1.975 2.043 2.112 2.180 2.215 2.215 2.215 2.215 2.215 2.232 2.232 2.232 2.232 2.215 2.215 2.215 2.198 2.198 2.198 2.180 2.180 2.198 2.198 2.198 2.215 2.215 2.215 2.232 2.180 2.078 1.958 1.872 1.752 1.667 1.547 1.461 1.290 1.067 0.845 0.622 0.399 0.194 
0.125 0.280 0.417 0.554 0.708 0.845 0.999 1.050 1.050 1.067 1.067 1.067 1.050 1.067 1.067 1.067 1.067 1.067 1.084 1.067 1.067 1.067 1.067 1.067 1.067 1.067 1.067 1.084 1.084 1.084 1.084 1.084 1.084 1.084 1.084 1.102 1.102 1.102 1.102 1.102 1.102 1.102 1.102 1.102 1.102 1.102 1.102 1.102 1.102 1.084 1.084 1.084 1.084 1.067 1.067 1.119 1.221 1.341 1.427 1.530 1.615 1.735 1.838 1.889 1.941 1.992 2.043 2.078 2.112 2.163 2.215 2.232 2.232 2.232 2.232 2.232 2.232 2.232 2.232 2.232 2.215 2.215 2.215 2.198 2.198 2.198 2.180 2.180 2.198 2.198 2.198 2.215 2.215 2.215 2.232 2.180 2.095 2.009 1.924 1.821 1.752 1.650 1.564 1.427 1.221 0.999 0.810 0.605 0.417 0.211 
0.057 0.160 0.280 0.417 0.536 0.656 0.776 0.913 1.033 1.153 1.204 1.204 1.204 1.187 1.187 1.170 1.187 1.170 1.170 1.187 1.187 1.204 1.187 1.204 1.221 1.221 1.221 1.221 1.221 1.221 1.239 1.239 1.239 1.239 1.239 1.239 1.239 1.239 1.256 1.256 1.256 1.256 1.256 1.256 1.256 1.256 1.256 1.256 1.256 1.256 1.256 1.256 1.239 1.239 1.239 1.239 1.221 1.221 1.273 1.358 1.461 1.530 1.615 1.701 1.804 1.889 1.941 1.975 2.026 2.061 2.095 2.129 2.180 2.215 2.232 2.232 2.232 2.232 2.215 2.215 2.215 2.215 2.215 2.215 2.215 2.215 2.198 2.198 2.198 2.198 2.198 2.198 2.198 2.198 2.215 2.215 2.215 2.232 2.198 2.112 2.026 1.958 1.872 1.804 1.718 1.650 1.530 1.341 1.153 0.999 0.810 0.639 0.468 0.280 0.091 
0.040 0.125 0.228 0.297 0.382 0.485 0.588 0.691 0.793 0.896 0.999 1.102 1.221 1.324 1.358 1.341 1.341 1.324 1.307 1.290 1.290 1.273 1.273 1.290 1.307 1.324 1.324 1.341 1.358 1.376 1.376 1.376 1.376 1.376 1.393 1.393 1.393 1.393 1.393 1.393 1.393 1.393 1.410 1.410 1.410 1.410 1.410 1.410 1.410 1.410 1.410 1.410 1.410 1.410 1.410 1.410 1.393 1.393 1.393 1.393 1.376 1.376 1.410 1.478 1.581 1.650 1.718 1.787 1.872 1.941 1.992 2.026 2.061 2.095 2.112 2.146 2.180 2.215 2.215 2.215 2.215 2.215 2.215 2.215 2.215 2.215 2.215 2.215 2.215 2.215 2.198 2.198 2.198 2.198 2.198 2.215 2.215 2.215 2.215 2.215 2.215 2.232 2.198 2.129 2.061 1.992 1.924 1.855 1.787 1.735 1.615 1.461 1.307 1.170 1.016 0.879 0.725 0.571 0.365 0.108 
0.040 0.177 0.280 0.348 0.434 0.502 0.588 0.639 0.725 0.793 0.879 0.965 1.050 1.136 1.221 1.307 1.393 1.478 1.513 1.495 1.478 1.461 1.427 1.410 1.393 1.376 1.376 1.393 1.427 1.444 1.461 1.478 1.495 1.530 1.530 1.530 1.530 1.530 1.530 1.530 1.530 1.530 1.530 1.530 1.547 1.547 1.547 1.547 1.564 1.564 1.564 1.564 1.564 1.564 1.564 1.564 1.564 1.564 1.564 1.564 1.547 1.547 1.547 1.547 1.530 1.530 1.564 1.615 1.701 1.752 1.804 1.872 1.941 1.992 2.043 2.061 2.095 2.112 2.129 2.163 2.180 2.215 2.215 2.215 2.215 2.215 2.215 2.215 2.215 2.215 2.215 2.215 2.215 2.215 2.198 2.198 2.198 2.198 2.198 2.215 2.215 2.215 2.215 2.215 2.215 2.232 2.198 2.146 2.095 2.026 1.975 1.924 1.855 1.804 1.718 1.598 1.461 1.341 1.221 1.102 0.982 0.845 0.656 0.365 0.074 
0.057 0.194 0.331 0.468 0.605 0.691 0.759 0.810 0.862 0.947 0.999 1.050 1.119 1.187 1.256 1.324 1.393 1.444 1.513 1.581 1.650 1.667 1.632 1.615 1.581 1.564 1.530 1.513 1.478 1.478 1.513 1.530 1.564 1.581 1.615 1.650 1.667 1.684 1.684 1.684 1.684 1.684 1.684 1.684 1.684 1.684 1.684 1.684 1.684 1.701 1.701 1.701 1.701 1.701 1.701 1.701 1.701 1.701 1.701 1.701 1.701 1.701 1.701 1.701 1.701 1.684 1.684 1.684 1.684 1.701 1.752 1.821 1.855 1.906 1.941 2.009 2.061 2.078 2.095 2.112 2.146 2.146 2.163 2.198 2.198 2.215 2.215 2.215 2.215 2.198 2.198 2.198 2.198 2.198 2.198 2.198 2.198 2.215 2.215 2.215 2.215 2.215 2.215 2.215 2.215 2.232 2.232 2.232 2.232 2.215 2.163 2.112 2.078 2.026 1.975 1.941 1.889 1.821 1.718 1.615 1.530 1.427 1.341 1.239 1.136 0.930 0.622 0.314 0.006 
0.040 0.177 0.331 0.468 0.605 0.742 0.879 1.016 1.102 1.153 1.204 1.239 1.307 1.341 1.393 1.427 1.478 1.530 1.581 1.632 1.667 1.718 1.752 1.804 1.821 1.787 1.752 1.718 1.684 1.650 1.615 1.581 1.581 1.615 1.650 1.684 1.718 1.752 1.787 1.821 1.838 1.838 1.838 1.838 1.821 1.821 1.821 1.821 1.821 1.821 1.838 1.838 1.838 1.838 1.855 1.855 1.855 1.855 1.855 1.855 1.855 1.855 1.855 1.855 1.855 1.855 1.855 1.855 1.838 1.838 1.838 1.838 1.855 1.889 1.941 1.958 1.992 2.026 2.078 2.112 2.129 2.129 2.146 2.163 2.163 2.180 2.198 2.198 2.215 2.215 2.215 2.215 2.198 2.198 2.198 2.198 2.198 2.198 2.198 2.198 2.215 2.215 2.215 2.215 2.215 2.215 2.215 2.215 2.232 2.232 2.232 2.232 2.215 2.180 2.146 2.112 2.078 2.043 2.009 1.958 1.924 1.855 1.769 1.701 1.632 1.564 1.495 1.410 1.221 0.879 0.536 0.194 
0.057 0.160 0.297 0.417 0.571 0.725 0.862 1.016 1.153 1.290 1.444 1.530 1.564 1.598 1.615 1.667 1.684 1.718 1.752 1.787 1.804 1.838 1.872 1.889 1.906 1.941 1.975 1.975 1.924 1.889 1.855 1.804 1.769 1.718 1.684 1.684 1.718 1.769 1.804 1.855 1.889 1.924 1.975 1.992 1.992 1.992 1.992 1.975 1.975 1.975 1.975 1.975 1.975 1.992 1.992 1.992 1.992 2.009 2.009 2.009 2.009 2.009 2.009 2.009 2.009 2.009 2.009 2.009 2.009 2.009 2.009 1.992 1.992 1.992 1.992 1.992 2.009 2.061 2.078 2.095 2.112 2.146 2.163 2.180 2.180 2.180 2.198 2.180 2.198 2.198 2.198 2.198 2.198 2.198 2.198 2.198 2.198 2.198 2.198 2.198 2.198 2.198 2.198 2.215 2.215 2.215 2.215 2.215 2.232 2.232 2.232 2.232 2.232 2.232 2.232 2.215 2.198 2.180 2.146 2.129 2.095 2.078 2.043 2.009 1.975 1.924 1.872 1.838 1.804 1.752 1.701 1.495 1.136 0.759 0.399 0.040 
0.108 0.245 0.382 0.519 0.656 0.810 0.965 1.119 1.256 1.410 1.564 1.718 1.872 1.941 1.958 1.992 1.992 2.026 2.026 2.043 2.078 2.078 2.095 2.095 2.112 2.112 2.112 2.129 2.129 2.129 2.078 2.026 1.975 1.924 1.889 1.838 1.787 1.787 1.838 1.889 1.924 1.975 2.026 2.078 2.129 2.146 2.146 2.146 2.146 2.129 2.129 2.129 2.129 2.129 2.129 2.146 2.146 2.146 2.146 2.163 2.163 2.163 2.163 2.163 2.163 2.163 2.163 2.163 2.163 2.163 2.163 2.163 2.163 2.146 2.146 2.146 2.146 2.146 2.146 2.180 2.180 2.180 2.198 2.215 2.215 2.232 2.215 2.215 2.215 2.198 2.215 2.215 2.198 2.198 2.198 2.198 2.198 2.180 2.180 2.180 2.180 2.180 2.198 2.198 2.198 2.215 2.215 2.215 2.232 2.232 2.232 2.232 2.232 2.232 2.232 2.232 2.232 2.232 2.215 2.198 2.180 2.180 2.146 2.146 2.129 2.112 2.095 2.078 2.061 2.043 2.026 2.009 1.992 1.787 1.393 0.982 0.588 0.211 
0.108 0.245 0.382 0.519 0.656 0.793 0.930 1.067 1.204 1.341 1.495 1.632 1.769 1.906 2.043 2.095 2.095 2.095 2.095 2.095 2.078 2.078 2.078 2.061 2.061 2.061 2.061 2.043 2.043 2.043 2.026 2.009 1.958 1.906 1.855 1.804 1.752 1.684 1.632 1.632 1.701 1.752 1.821 1.872 1.941 1.992 2.061 2.078 2.095 2.112 2.129 2.129 2.146 2.146 2.163 2.180 2.180 2.198 2.198 2.198 2.198 2.232 2.232 2.232 2.232 2.232 2.232 2.232 2.232 2.232 2.232 2.232 2.232 2.232 2.232 2.215 2.198 2.198 2.198 2.198 2.198 2.198 2.198 2.180 2.180 2.180 2.180 2.163 2.146 2.129 2.112 2.078 2.078 2.061 2.026 2.026 2.026 2.026 2.026 2.009 2.009 2.009 2.009 2.009 2.043 2.043 2.061 2.078 2.095 2.112 2.129 2.146 2.146 2.163 2.163 2.180 2.198 2.198 2.215 2.215 2.198 2.198 2.198 2.198 2.180 2.180 2.163 2.163 2.163 2.146 2.146 2.146 2.146 2.129 2.129 1.924 1.530 1.119 0.725 0.331 
0.074 0.280 0.399 0.502 0.622 0.742 0.862 0.982 1.102 1.221 1.324 1.427 1.547 1.650 1.769 1.872 1.975 2.009 1.975 1.941 1.906 1.872 1.821 1.787 1.752 1.735 1.718 1.718 1.701 1.684 1.684 1.684 1.667 1.650 1.581 1.530 1.461 1.410 1.358 1.290 1.239 1.239 1.307 1.393 1.461 1.547 1.615 1.684 1.769 1.821 1.855 1.906 1.941 1.975 2.026 2.061 2.112 2.129 2.146 2.163 2.163 2.180 2.180 2.215 2.215 2.215 2.215 2.215 2.232 2.232 2.232 2.232 2.232 2.232 2.215 2.215 2.215 2.198 2.180 2.180 2.180 2.163 2.146 2.129 2.112 2.095 2.078 2.061 2.043 2.009 1.958 1.906 1.872 1.821 1.787 1.735 1.684 1.667 1.667 1.667 1.667 1.650 1.650 1.650 1.650 1.667 1.718 1.735 1.769 1.821 1.855 1.889 1.924 1.958 1.992 2.026 2.043 2.078 2.112 2.146 2.163 2.198 2.180 2.180 2.180 2.180 2.163 2.180 2.163 2.163 2.163 2.146 2.146 2.146 2.146 2.146 2.146 1.941 1.564 1.170 0.776 0.399 0.023 
0.040 0.365 0.571 0.673 0.776 0.879 0.965 1.067 1.170 1.256 1.358 1.444 1.513 1.598 1.684 1.752 1.838 1.924 1.924 1.855 1.787 1.718 1.650 1.564 1.495 1.427 1.393 1.376 1.376 1.358 1.341 1.324 1.324 1.307 1.273 1.221 1.153 1.084 1.016 0.965 0.896 0.828 0.845 0.930 1.016 1.102 1.204 1.290 1.376 1.478 1.547 1.615 1.684 1.769 1.821 1.906 1.975 2.043 2.095 2.112 2.129 2.146 2.163 2.163 2.198 2.198 2.215 2.215 2.215 2.215 2.215 2.232 2.232 2.232 2.232 2.215 2.215 2.198 2.180 2.163 2.163 2.146 2.129 2.095 2.061 2.026 1.992 1.958 1.941 1.906 1.855 1.769 1.701 1.632 1.564 1.495 1.427 1.341 1.307 1.307 1.307 1.307 1.290 1.290 1.290 1.290 1.324 1.393 1.444 1.495 1.564 1.615 1.667 1.718 1.769 1.821 1.872 1.924 1.975 2.026 2.078 2.129 2.163 2.163 2.163 2.163 2.163 2.163 2.163 2.163 2.163 2.163 2.163 2.163 2.163 2.163 2.146 2.146 1.958 1.581 1.221 0.845 0.485 0.108 
0.297 0.656 0.879 0.965 1.033 1.119 1.187 1.273 1.358 1.427 1.495 1.547 1.598 1.650 1.701 1.752 1.804 1.855 1.821 1.718 1.632 1.530 1.427 1.307 1.221 1.119 1.050 1.033 1.033 1.016 0.999 0.982 0.965 0.947 0.913 0.845 0.776 0.708 0.639 0.571 0.502 0.434 0.451 0.554 0.656 0.759 0.862 0.965 1.067 1.187 1.273 1.376 1.478 1.581 1.684 1.787 1.889 1.992 2.043 2.078 2.095 2.112 2.129 2.146 2.180 2.198 2.198 2.215 2.215 2.215 2.215 2.232 2.232 2.232 2.232 2.215 2.198 2.180 2.163 2.146 2.146 2.129 2.095 2.043 1.992 1.958 1.906 1.855 1.821 1.769 1.701 1.581 1.495 1.393 1.290 1.204 1.102 0.999 0.947 0.947 0.947 0.947 0.947 0.947 0.947 0.947 0.982 1.067 1.136 1.204 1.290 1.376 1.444 1.513 1.598 1.667 1.735 1.804 1.872 1.941 2.026 2.095 2.129 2.129 2.146 2.146 2.146 2.163 2.163 2.163 2.163 2.163 2.163 2.163 2.163 2.163 2.146 2.146 1.975 1.615 1.256 0.896 0.554 0.194 
0.125 0.536 0.947 1.187 1.239 1.307 1.358 1.427 1.478 1.547 1.598 1.650 1.667 1.684 1.701 1.735 1.752 1.769 1.787 1.735 1.598 1.461 1.341 1.204 1.067 0.930 0.793 0.725 0.708 0.673 0.656 0.639 0.622 0.605 0.588 0.536 0.468 0.399 0.314 0.245 0.177 0.091 0.023 0.040 0.160 0.280 0.399 0.536 0.656 0.776 0.896 1.016 1.153 1.273 1.410 1.530 1.667 1.787 1.924 2.009 2.026 2.061 2.078 2.112 2.129 2.163 2.180 2.198 2.198 2.198 2.215 2.215 2.215 2.215 2.232 2.215 2.198 2.198 2.180 2.146 2.129 2.112 2.095 2.061 1.992 1.941 1.872 1.804 1.752 1.684 1.615 1.530 1.410 1.273 1.170 1.033 0.913 0.793 0.656 0.605 0.605 0.605 0.605 0.588 0.588 0.588 0.588 0.639 0.742 0.828 0.930 1.033 1.119 1.221 1.324 1.410 1.495 1.598 1.684 1.787 1.872 1.958 2.043 2.112 2.112 2.112 2.129 2.146 2.146 2.163 2.163 2.180 2.180 2.163 2.163 2.163 2.163 2.163 2.163 1.992 1.650 1.307 0.965 0.622 0.280 
0.348 0.793 1.239 1.495 1.530 1.564 1.598 1.650 1.684 1.735 1.769 1.787 1.769 1.769 1.752 1.752 1.752 1.735 1.718 1.632 1.461 1.307 1.153 0.982 0.810 0.656 0.485 0.382 0.365 0.331 0.314 0.297 0.280 0.245 0.228 0.177 0.091 0.023 0.057 0.194 0.331 0.468 0.605 0.742 0.913 1.067 1.221 1.393 1.547 1.701 1.872 1.958 1.992 2.026 2.043 2.078 2.112 2.146 2.180 2.180 2.198 2.198 2.215 2.215 2.215 2.215 2.232 2.215 2.198 2.180 2.163 2.129 2.112 2.095 2.078 2.026 1.941 1.872 1.804 1.718 1.650 1.564 1.478 1.376 1.221 1.067 0.930 0.759 0.622 0.468 0.314 0.245 0.245 0.245 0.245 0.245 0.245 0.245 0.245 0.297 0.417 0.519 0.639 0.759 0.879 0.999 1.119 1.239 1.341 1.461 1.564 1.684 1.787 1.906 2.009 2.078 2.078 2.095 2.112 2.129 2.146 2.163 2.163 2.180 2.180 2.163 2.163 2.163 2.163 2.163 2.163 2.009 1.684 1.341 1.016 0.691 0.365 0.040 
0.074 0.554 1.050 1.530 1.787 1.804 1.838 1.855 1.872 1.889 1.924 1.924 1.924 1.889 1.855 1.804 1.787 1.735 1.701 1.667 1.547 1.341 1.153 0.965 0.759 0.554 0.365 0.160 0.040 0.023 0.006 0.160 0.314 0.468 0.673 0.845 1.050 1.239 1.427 1.615 1.804 1.924 1.958 1.992 2.026 2.061 2.095 2.129 2.163 2.180 2.198 2.198 2.198 2.198 2.215 2.215 2.232 2.215 2.198 2.180 2.146 2.112 2.095 2.078 2.043 1.992 1.889 1.804 1.718 1.615 1.530 1.444 1.341 1.221 1.033 0.862 0.691 0.502 0.331 0.160 0.091 0.228 0.365 0.502 0.639 0.776 0.913 1.050 1.170 1.307 1.444 1.581 1.701 1.838 1.975 2.043 2.061 2.078 2.095 2.112 2.146 2.146 2.163 2.180 2.180 2.180 2.180 2.180 2.180 2.163 2.163 2.026 1.701 1.393 1.084 0.776 0.451 0.143 
0.245 0.776 1.307 1.821 2.095 2.095 2.095 2.095 2.095 2.095 2.112 2.095 2.078 2.009 1.941 1.855 1.804 1.735 1.667 1.598 1.461 1.221 0.999 0.776 0.536 0.297 0.074 0.023 0.211 0.434 0.639 0.862 1.084 1.307 1.530 1.752 1.872 1.924 1.958 1.992 2.043 2.078 2.112 2.146 2.163 2.180 2.180 2.198 2.198 2.215 2.215 2.232 2.215 2.180 2.163 2.129 2.095 2.078 2.061 2.026 1.958 1.838 1.735 1.632 1.530 1.427 1.324 1.204 1.067 0.845 0.639 0.451 0.245 0.040 0.074 0.245 0.399 0.554 0.708 0.862 1.016 1.170 1.324 1.478 1.615 1.787 1.924 2.026 2.043 2.061 2.078 2.095 2.129 2.146 2.163 2.180 2.180 2.180 2.180 2.180 2.180 2.180 2.180 2.043 1.735 1.444 1.136 0.845 0.536 0.245 
0.331 0.879 1.427 1.975 2.249 2.215 2.215 2.180 2.180 2.163 2.146 2.129 2.078 1.975 1.872 1.769 1.684 1.581 1.495 1.393 1.239 0.982 0.759 0.536 0.280 0.057 0.194 0.417 0.639 0.862 1.084 1.307 1.530 1.752 1.872 1.924 1.958 1.992 2.043 2.078 2.112 2.146 2.163 2.180 2.180 2.198 2.198 2.215 2.215 2.215 2.198 2.146 2.112 2.061 2.009 1.958 1.924 1.872 1.787 1.667 1.547 1.427 1.307 1.187 1.067 0.947 0.793 0.588 0.365 0.177 0.125 0.280 0.434 0.605 0.759 0.913 1.067 1.239 1.393 1.564 1.718 1.821 1.838 1.855 1.889 1.924 1.958 1.975 1.992 2.009 2.009 2.009 2.009 2.009 2.009 2.009 2.009 1.872 1.598 1.324 1.033 0.759 0.485 0.211 
0.331 0.879 1.427 1.975 2.232 2.198 2.163 2.129 2.112 2.078 2.043 2.009 1.941 1.804 1.684 1.547 1.427 1.290 1.170 1.033 0.879 0.656 0.451 0.245 0.023 0.074 0.245 0.434 0.639 0.828 1.016 1.221 1.427 1.615 1.821 1.924 1.975 1.992 2.026 2.061 2.095 2.129 2.163 2.180 2.180 2.180 2.198 2.180 2.198 2.198 2.198 2.163 2.078 2.009 1.924 1.838 1.752 1.684 1.598 1.495 1.358 1.221 1.102 0.965 0.828 0.691 0.554 0.399 0.228 0.040 0.108 0.245 0.399 0.554 0.708 0.862 1.016 1.170 1.324 1.427 1.444 1.478 1.530 1.564 1.598 1.632 1.667 1.684 1.684 1.684 1.684 1.667 1.667 1.667 1.667 1.547 1.290 1.033 0.776 0.519 0.262 0.023 
0.331 0.879 1.427 1.958 2.215 2.163 2.129 2.078 2.043 1.992 1.958 1.906 1.804 1.650 1.478 1.324 1.170 0.999 0.845 0.673 0.519 0.314 0.143 0.143 0.314 0.485 0.673 0.845 1.016 1.187 1.358 1.547 1.701 1.872 1.975 2.009 2.043 2.061 2.095 2.112 2.146 2.180 2.180 2.180 2.180 2.180 2.180 2.180 2.180 2.180 2.112 2.009 1.906 1.787 1.667 1.547 1.444 1.341 1.204 1.050 0.896 0.759 0.605 0.468 0.314 0.160 0.023 0.040 0.194 0.331 0.485 0.622 0.776 0.930 1.033 1.067 1.102 1.153 1.204 1.239 1.290 1.324 1.358 1.341 1.341 1.341 1.341 1.341 1.324 1.324 1.221 0.982 0.742 0.519 0.297 0.057 
0.331 0.879 1.427 1.958 2.198 2.146 2.095 2.026 1.975 1.906 1.855 1.787 1.667 1.478 1.273 1.084 0.896 0.708 0.519 0.314 0.160 0.006 0.194 0.382 0.554 0.742 0.913 1.050 1.204 1.341 1.495 1.650 1.787 1.941 2.026 2.061 2.078 2.095 2.112 2.129 2.163 2.180 2.180 2.180 2.180 2.180 2.163 2.163 2.163 2.163 2.078 1.941 1.804 1.650 1.495 1.341 1.204 1.067 0.913 0.742 0.588 0.434 0.262 0.108 0.108 0.245 0.399 0.536 0.639 0.691 0.725 0.793 0.845 0.896 0.947 0.982 1.016 1.016 0.999 0.999 0.999 0.999 0.982 0.982 0.879 0.673 0.468 0.262 0.057 
0.331 0.862 1.410 1.958 2.198 2.112 2.043 1.975 1.889 1.821 1.752 1.684 1.530 1.307 1.084 0.862 0.639 0.417 0.194 0.057 0.245 0.451 0.622 0.810 0.982 1.136 1.273 1.393 1.513 1.650 1.769 1.889 2.009 2.078 2.095 2.112 2.129 2.146 2.163 2.180 2.198 2.198 2.198 2.180 2.180 2.163 2.163 2.146 2.146 2.043 1.855 1.684 1.513 1.324 1.153 0.982 0.793 0.622 0.451 0.262 0.091 0.006 0.143 0.245 0.297 0.365 0.417 0.485 0.536 0.588 0.656 0.691 0.673 0.673 0.673 0.656 0.656 0.656 0.639 0.554 0.365 0.177 
0.331 0.862 1.410 1.958 2.180 2.095 2.009 1.924 1.821 1.735 1.650 1.564 1.393 1.136 0.879 0.622 0.365 0.125 0.125 0.297 0.485 0.691 0.862 1.050 1.239 1.376 1.478 1.581 1.667 1.787 1.872 1.975 2.078 2.129 2.146 2.146 2.163 2.163 2.180 2.198 2.198 2.198 2.198 2.180 2.180 2.146 2.146 2.129 2.129 2.009 1.787 1.581 1.376 1.153 0.947 0.742 0.519 0.331 0.143 0.057 0.125 0.194 0.245 0.314 0.348 0.348 0.331 0.331 0.314 0.314 0.314 0.297 0.211 0.057 
0.331 0.862 1.410 1.941 2.163 2.061 1.975 1.872 1.752 1.650 1.564 1.461 1.256 0.982 0.673 0.399 0.108 0.177 0.348 0.536 0.725 0.930 1.119 1.290 1.478 1.615 1.684 1.769 1.838 1.924 1.992 2.061 2.129 2.180 2.180 2.198 2.198 2.198 2.198 2.215 2.215 2.198 2.198 2.180 2.163 2.146 2.129 2.112 2.112 1.958 1.718 1.478 1.239 0.982 0.742 0.502 0.262 0.040 0.023 0.006 
0.331 0.862 1.410 1.941 2.146 2.043 1.924 1.821 1.684 1.564 1.461 1.341 1.119 0.810 0.485 0.177 0.194 0.399 0.588 0.776 0.965 1.170 1.358 1.547 1.735 1.855 1.906 1.958 1.992 2.061 2.112 2.146 2.198 2.232 2.232 2.232 2.232 2.215 2.215 2.232 2.232 2.215 2.198 2.180 2.163 2.129 2.112 2.095 2.095 1.924 1.650 1.376 1.102 0.810 0.536 0.262 
0.280 0.810 1.341 1.855 2.078 1.975 1.872 1.769 1.650 1.547 1.444 1.341 1.119 0.810 0.502 0.194 0.177 0.417 0.622 0.793 0.982 1.153 1.341 1.530 1.701 1.872 1.992 2.026 2.043 2.078 2.129 2.163 2.198 2.232 2.232 2.215 2.198 2.180 2.146 2.129 2.112 2.095 2.078 2.043 2.026 2.009 1.958 1.941 1.924 1.889 1.735 1.444 1.170 0.879 0.588 0.297 0.023 
0.194 0.691 1.204 1.701 1.924 1.855 1.787 1.718 1.650 1.581 1.513 1.444 1.273 0.999 0.725 0.451 0.177 0.023 0.228 0.434 0.656 0.828 0.982 1.136 1.290 1.461 1.615 1.769 1.924 2.009 2.043 2.061 2.095 2.129 2.163 2.180 2.215 2.198 2.146 2.095 2.043 1.992 1.941 1.889 1.838 1.787 1.752 1.718 1.684 1.632 1.598 1.564 1.530 1.376 1.102 0.845 0.571 0.297 0.023 
0.091 0.571 1.067 1.547 1.769 1.735 1.718 1.684 1.632 1.615 1.581 1.547 1.410 1.187 0.947 0.725 0.485 0.262 0.023 0.160 0.348 0.519 0.708 0.896 1.050 1.170 1.307 1.427 1.581 1.701 1.838 1.958 2.043 2.061 2.078 2.095 2.129 2.146 2.163 2.198 2.163 2.078 1.992 1.924 1.821 1.735 1.667 1.581 1.513 1.461 1.410 1.358 1.307 1.256 1.204 1.170 1.016 0.759 0.519 0.262 0.006 
0.006 0.468 0.930 1.393 1.632 1.632 1.632 1.650 1.632 1.650 1.650 1.650 1.547 1.376 1.170 0.982 0.793 0.605 0.417 0.228 0.108 0.040 0.057 0.211 0.365 0.519 0.673 0.828 0.982 1.136 1.256 1.358 1.461 1.564 1.684 1.787 1.906 2.009 2.078 2.078 2.095 2.112 2.129 2.146 2.163 2.180 2.129 2.009 1.889 1.787 1.650 1.547 1.427 1.324 1.221 1.170 1.102 1.050 0.982 0.913 0.862 0.793 0.656 0.417 0.194 
0.348 0.793 1.239 1.478 1.513 1.564 1.598 1.632 1.667 1.718 1.752 1.701 1.547 1.393 1.256 1.102 0.965 0.793 0.656 0.554 0.485 0.417 0.365 0.297 0.245 0.194 0.108 0.108 0.160 0.194 0.245 0.297 0.348 0.382 0.434 0.519 0.639 0.759 0.879 0.999 1.119 1.239 1.358 1.461 1.547 1.632 1.718 1.804 1.889 1.958 2.043 2.095 2.112 2.112 2.112 2.146 2.146 2.146 2.163 2.078 1.941 1.804 1.650 1.495 1.341 1.204 1.050 0.947 0.862 0.793 0.725 0.639 0.588 0.502 0.434 0.297 0.074 
0.245 0.656 1.084 1.341 1.410 1.478 1.564 1.632 1.701 1.787 1.855 1.838 1.735 1.615 1.513 1.410 1.307 1.187 1.084 0.999 0.930 0.862 0.810 0.742 0.673 0.622 0.536 0.536 0.588 0.639 0.691 0.742 0.793 0.845 0.896 0.965 1.050 1.136 1.239 1.324 1.427 1.513 1.598 1.667 1.735 1.787 1.855 1.906 1.975 2.026 2.095 2.129 2.129 2.129 2.129 2.146 2.146 2.146 2.146 2.043 1.872 1.701 1.513 1.324 1.153 0.965 0.793 0.656 0.571 0.485 0.417 0.314 0.245 0.160 0.057 
0.125 0.519 0.930 1.187 1.290 1.410 1.530 1.615 1.735 1.855 1.958 1.975 1.924 1.838 1.787 1.718 1.650 1.581 1.513 1.461 1.376 1.307 1.256 1.170 1.102 1.050 0.965 0.965 1.016 1.067 1.136 1.187 1.256 1.290 1.358 1.410 1.461 1.530 1.598 1.650 1.718 1.787 1.838 1.889 1.924 1.958 1.992 2.026 2.061 2.095 2.129 2.163 2.146 2.146 2.129 2.146 2.129 2.129 2.129 2.009 1.804 1.598 1.393 1.153 0.947 0.742 0.536 0.382 0.280 0.177 0.091 
0.006 0.382 0.776 1.033 1.170 1.324 1.478 1.615 1.769 1.924 2.061 2.129 2.112 2.061 2.043 2.026 2.009 1.975 1.941 1.906 1.821 1.752 1.684 1.598 1.530 1.478 1.393 1.393 1.444 1.495 1.564 1.632 1.701 1.752 1.821 1.855 1.889 1.924 1.958 1.975 2.009 2.043 2.078 2.095 2.112 2.112 2.129 2.146 2.146 2.163 2.180 2.180 2.163 2.163 2.146 2.146 2.129 2.112 2.112 1.975 1.735 1.495 1.256 0.999 0.759 0.519 0.280 0.091 
0.211 0.571 0.845 1.016 1.187 1.376 1.547 1.735 1.924 2.095 2.180 2.180 2.180 2.180 2.180 2.180 2.163 2.163 2.129 2.061 1.992 1.924 1.838 1.787 1.718 1.632 1.632 1.701 1.752 1.804 1.872 1.941 1.975 2.043 2.078 2.078 2.095 2.095 2.112 2.112 2.129 2.129 2.129 2.112 2.095 2.095 2.078 2.061 2.061 2.043 2.043 2.009 1.992 1.975 1.975 1.958 1.924 1.906 1.769 1.530 1.273 1.016 0.759 0.502 0.262 0.006 
0.314 0.588 0.793 0.999 1.221 1.427 1.632 1.855 2.043 2.163 2.163 2.163 2.163 2.163 2.180 2.163 2.163 2.146 2.078 2.009 1.958 1.889 1.838 1.769 1.701 1.701 1.752 1.804 1.855 1.906 1.958 1.992 2.043 2.061 2.061 2.043 2.043 2.026 2.026 2.009 2.009 1.975 1.941 1.906 1.872 1.838 1.804 1.769 1.735 1.718 1.684 1.650 1.632 1.615 1.598 1.564 1.530 1.410 1.170 0.930 0.691 0.451 0.211 
0.074 0.331 0.571 0.810 1.050 1.290 1.530 1.769 2.009 2.129 2.146 2.146 2.146 2.163 2.163 2.163 2.180 2.163 2.095 2.043 1.992 1.941 1.889 1.838 1.769 1.769 1.804 1.855 1.889 1.941 1.975 2.009 2.061 2.061 2.026 2.009 1.975 1.941 1.924 1.889 1.872 1.821 1.769 1.718 1.650 1.598 1.547 1.478 1.427 1.393 1.358 1.324 1.290 1.256 1.239 1.187 1.153 1.033 0.810 0.588 0.365 0.125 
0.091 0.348 0.622 0.896 1.153 1.427 1.701 1.958 2.112 2.129 2.129 2.129 2.146 2.163 2.163 2.180 2.163 2.112 2.078 2.026 1.975 1.941 1.889 1.838 1.838 1.872 1.906 1.924 1.975 1.992 2.026 2.061 2.043 2.009 1.958 1.924 1.872 1.821 1.787 1.735 1.667 1.598 1.513 1.427 1.358 1.273 1.204 1.119 1.067 1.033 0.982 0.947 0.913 0.879 0.828 0.776 0.656 0.451 0.245 0.040 
0.125 0.434 0.725 1.033 1.324 1.632 1.924 2.078 2.095 2.112 2.129 2.146 2.163 2.163 2.180 2.180 2.129 2.095 2.061 2.026 1.992 1.958 1.906 1.906 1.924 1.958 1.975 1.992 2.026 2.043 2.061 2.043 1.975 1.924 1.855 1.787 1.735 1.667 1.615 1.530 1.410 1.324 1.221 1.119 1.016 0.913 0.810 0.742 0.691 0.639 0.588 0.554 0.519 0.451 0.417 0.297 0.091 
0.245 0.571 0.896 1.221 1.564 1.872 2.061 2.078 2.095 2.112 2.129 2.163 2.163 2.180 2.180 2.146 2.129 2.095 2.061 2.043 2.009 1.975 1.975 1.992 2.009 2.009 2.026 2.043 2.061 2.061 2.026 1.958 1.872 1.804 1.718 1.632 1.564 1.478 1.376 1.239 1.119 0.999 0.879 0.742 0.639 0.502 0.417 0.365 0.297 0.245 0.211 0.160 0.091 0.040 
0.057 0.399 0.759 1.119 1.478 1.838 2.026 2.061 2.078 2.095 2.129 2.146 2.163 2.198 2.198 2.163 2.163 2.129 2.112 2.095 2.078 2.043 2.043 2.043 2.061 2.043 2.061 2.061 2.078 2.078 2.026 1.924 1.838 1.735 1.632 1.530 1.444 1.341 1.221 1.067 0.930 0.776 0.639 0.485 0.348 0.194 0.091 0.040 
0.245 0.639 1.016 1.410 1.787 2.009 2.043 2.061 2.078 2.112 2.146 2.163 2.198 2.215 2.180 2.180 2.163 2.163 2.146 2.129 2.112 2.112 2.095 2.112 2.095 2.095 2.078 2.095 2.078 2.009 1.906 1.787 1.684 1.547 1.444 1.324 1.221 1.067 0.896 0.742 0.554 0.399 0.228 0.057 
0.040 0.434 0.810 1.204 1.581 1.787 1.838 1.855 1.906 1.941 1.975 2.009 2.043 2.061 2.043 2.043 2.026 2.026 2.009 2.009 1.992 1.992 1.975 1.975 1.941 1.941 1.924 1.924 1.889 1.821 1.701 1.581 1.461 1.324 1.204 1.084 0.947 0.810 0.622 0.468 0.297 0.125 
0.160 0.502 0.845 1.187 1.393 1.444 1.495 1.547 1.598 1.650 1.684 1.735 1.769 1.752 1.752 1.735 1.735 1.718 1.718 1.701 1.701 1.667 1.650 1.615 1.598 1.564 1.564 1.530 1.444 1.324 1.187 1.067 0.930 0.810 0.691 0.554 0.417 0.262 0.125 
0.194 0.502 0.810 0.999 1.067 1.119 1.187 1.256 1.324 1.376 1.444 1.478 1.461 1.461 1.444 1.444 1.427 1.427 1.410 1.393 1.358 1.324 1.290 1.256 1.221 1.204 1.153 1.067 0.947 0.810 0.691 0.536 0.417 0.297 0.160 0.023 
0.160 0.417 0.605 0.673 0.742 0.828 0.913 0.982 1.050 1.136 1.170 1.153 1.153 1.136 1.136 1.119 1.119 1.102 1.084 1.050 0.999 0.965 0.913 0.879 0.845 0.793 0.691 0.571 0.434 0.297 0.160 0.023 
0.040 0.194 0.297 0.382 0.468 0.554 0.656 0.742 0.828 0.879 0.862 0.862 0.845 0.845 0.828 0.828 0.810 0.793 0.725 0.691 0.622 0.588 0.519 0.485 0.417 0.331 0.177 0.040 
0.006 0.108 0.211 0.314 0.417 0.519 0.571 0.554 0.554 0.536 0.536 0.519 0.519 0.502 0.485 0.417 0.365 0.297 0.245 0.177 0.125 0.057 
0.108 0.228 0.280 0.262 0.262 0.245 0.245 0.228 0.228 0.211 0.177 0.108 0.040 





















































